best_f1 = 0.5138162808065722
best_precision = 0.4956772334293948
best_recall = 0.5333333333333333
f1 = 0.5113464447806355
loss = 0.7755655578204563
precision = 0.49926144756277696
recall = 0.524031007751938
