best_f1 = 0.7643575524015416
best_precision = 0.863819842787338
best_recall = 0.6854349291975725
f1 = 0.6997893930691174
loss = 0.7954112788981605
precision = 0.8097031457687195
recall = 0.6161496965610249
