best_f1 = 0.7419685259335134
best_precision = 0.8287913459538173
best_recall = 0.6716115981119353
f1 = 0.6947348230555289
loss = 0.8241589910304474
precision = 0.8057842046718576
recall = 0.6105866486850978
