best_f1 = 0.7418967587034814
best_precision = 0.8202981417194201
best_recall = 0.6771746459878625
f1 = 0.7021745377909762
loss = 0.7998015838786597
precision = 0.813179498557799
recall = 0.6178354686446392
