best_f1 = 0.30927835051546393
best_precision = 0.27522935779816515
best_recall = 0.35294117647058826
f1 = 0.2604166666666667
loss = 0.6913447984709189
precision = 0.2336448598130841
recall = 0.29411764705882354
