best_f1 = 0.5176470588235293
best_precision = 0.49230769230769234
best_recall = 0.5457364341085271
f1 = 0.5026415094339624
loss = 0.7782992490700313
precision = 0.48970588235294116
recall = 0.5162790697674419
