best_f1 = 0.5116279069767442
best_precision = 0.4956395348837209
best_recall = 0.5286821705426357
f1 = 0.4817843866171004
loss = 0.8015171527862549
precision = 0.46285714285714286
recall = 0.5023255813953489
