best_f1 = 0.2674418604651163
best_precision = 0.27058823529411763
best_recall = 0.26436781609195403
f1 = 0.26315789473684215
loss = 0.5943741126259108
precision = 0.24271844660194175
recall = 0.28735632183908044
