best_f1 = 0.7643575524015416
best_precision = 0.863819842787338
best_recall = 0.6854349291975725
f1 = 0.6966335118592195
loss = 0.8001591782735406
precision = 0.8050397877984085
recall = 0.6139581928523263
