best_f1 = 0.7419685259335134
best_precision = 0.8287913459538173
best_recall = 0.6716115981119353
f1 = 0.701572688914461
loss = 0.8160254473460964
precision = 0.8136120996441281
recall = 0.6166554281861092
