best_f1 = 0.30769230769230765
best_precision = 0.2727272727272727
best_recall = 0.35294117647058826
f1 = 0.30366492146596863
loss = 0.5180587918685677
precision = 0.27358490566037735
recall = 0.3411764705882353
