best_f1 = 0.5188470066518847
best_precision = 0.4957627118644068
best_recall = 0.5441860465116279
f1 = 0.49133383571966843
loss = 0.8127597783293042
precision = 0.4780058651026393
recall = 0.5054263565891473
