best_f1 = 0.7419652752124123
best_precision = 0.8204656862745098
best_recall = 0.6771746459878625
f1 = 0.7029504439988542
loss = 0.7853708871580865
precision = 0.8106144021140718
recall = 0.6205327039784221
