best_f1 = 0.5249070631970261
best_precision = 0.5042857142857143
best_recall = 0.5472868217054263
f1 = 0.5108940646130729
loss = 0.7872782179287502
precision = 0.4956268221574344
recall = 0.5271317829457365
