best_f1 = 0.2886597938144331
best_precision = 0.25688073394495414
best_recall = 0.32941176470588235
f1 = 0.28717948717948716
loss = 0.6588746023100192
precision = 0.2545454545454545
recall = 0.32941176470588235
