best_f1 = 0.7643575524015416
best_precision = 0.863819842787338
best_recall = 0.6854349291975725
f1 = 0.702113416849957
loss = 0.8043031507268041
precision = 0.8112707182320442
recall = 0.6188469318948078
