best_f1 = 0.25136612021857924
best_precision = 0.23958333333333334
best_recall = 0.26436781609195403
f1 = 0.23783783783783785
loss = 0.5724179450402377
precision = 0.22448979591836735
recall = 0.25287356321839083
