best_f1 = 0.5108695652173914
best_precision = 0.5116640746500778
best_recall = 0.5100775193798449
f1 = 0.4951528709917972
loss = 0.7939262884003776
precision = 0.47701149425287354
recall = 0.5147286821705427
