best_f1 = 0.31413612565445026
best_precision = 0.28846153846153844
best_recall = 0.3448275862068966
f1 = 0.2978723404255319
loss = 0.5252248241919845
precision = 0.27722772277227725
recall = 0.3218390804597701
