best_f1 = 0.5328358208955223
best_precision = 0.5151515151515151
best_recall = 0.5517774343122102
f1 = 0.4954682779456194
loss = 0.7648647597857884
precision = 0.4844903988183161
recall = 0.5069551777434312
