best_f1 = 0.26666666666666666
best_precision = 0.25806451612903225
best_recall = 0.27586206896551724
f1 = 0.2580645161290323
loss = 0.6000780268536451
precision = 0.24242424242424243
recall = 0.27586206896551724
