best_f1 = 0.5406626506024097
best_precision = 0.527165932452276
best_recall = 0.5548686244204019
f1 = 0.5253595760787283
loss = 0.7566274072442736
precision = 0.5148367952522255
recall = 0.5363214837712519
