best_f1 = 0.29591836734693877
best_precision = 0.26126126126126126
best_recall = 0.3411764705882353
f1 = 0.2886597938144331
loss = 0.6595121957137823
precision = 0.25688073394495414
recall = 0.32941176470588235
