best_f1 = 0.2795698924731183
best_precision = 0.25742574257425743
best_recall = 0.3058823529411765
f1 = 0.26178010471204194
loss = 0.5393278645228398
precision = 0.2358490566037736
recall = 0.29411764705882354
