best_f1 = 0.5182926829268293
best_precision = 0.5097451274362819
best_recall = 0.5271317829457365
f1 = 0.4923547400611621
loss = 0.822848289353507
precision = 0.4856711915535445
recall = 0.4992248062015504
