best_f1 = 0.7453874538745386
best_precision = 0.8231458842705787
best_recall = 0.6810519217801754
f1 = 0.7012987012987012
loss = 0.7818093610152723
precision = 0.8088105726872247
recall = 0.6190155091031693
