best_f1 = 0.5316455696202532
best_precision = 0.5129310344827587
best_recall = 0.5517774343122102
f1 = 0.5061162079510703
loss = 0.7818728174482074
precision = 0.5007564296520424
recall = 0.5115919629057187
