best_f1 = 0.5360824742268042
best_precision = 0.5105189340813464
best_recall = 0.5643410852713179
f1 = 0.4898266767143934
loss = 0.8155446904046195
precision = 0.47653958944281527
recall = 0.5038759689922481
