best_f1 = 0.5398496240601504
best_precision = 0.5256222547584187
best_recall = 0.5548686244204019
f1 = 0.505677517032551
loss = 0.7540813292775835
precision = 0.49554896142433236
recall = 0.5162287480680062
