best_f1 = 0.2926829268292683
best_precision = 0.25
best_recall = 0.35294117647058826
f1 = 0.2708333333333333
loss = 0.6729886805752847
precision = 0.24299065420560748
recall = 0.3058823529411765
