best_f1 = 0.5106060606060605
best_precision = 0.49925925925925924
best_recall = 0.5224806201550387
f1 = 0.48689138576779023
loss = 0.7868603587150573
precision = 0.47101449275362317
recall = 0.5038759689922481
