best_f1 = 0.5133928571428571
best_precision = 0.49356223175965663
best_recall = 0.5348837209302325
f1 = 0.48425787106446777
loss = 0.8064396619796753
precision = 0.46879535558780844
recall = 0.5007751937984496
