best_f1 = 0.31884057971014496
best_precision = 0.27049180327868855
best_recall = 0.38823529411764707
f1 = 0.2887700534759359
loss = 0.5454744389392615
precision = 0.2647058823529412
recall = 0.3176470588235294
