best_f1 = 0.2857142857142857
best_precision = 0.25225225225225223
best_recall = 0.32941176470588235
f1 = 0.26455026455026454
loss = 0.5262838491807298
precision = 0.2403846153846154
recall = 0.29411764705882354
