best_f1 = 0.7643575524015416
best_precision = 0.863819842787338
best_recall = 0.6854349291975725
f1 = 0.7003727420433911
loss = 0.8219535414805385
precision = 0.808651511807548
recall = 0.6176668914362778
