best_f1 = 0.29556650246305416
best_precision = 0.2542372881355932
best_recall = 0.35294117647058826
f1 = 0.2934782608695652
loss = 0.5338862021890236
precision = 0.2727272727272727
recall = 0.3176470588235294
