best_f1 = 0.5328358208955223
best_precision = 0.5151515151515151
best_recall = 0.5517774343122102
f1 = 0.4935849056603774
loss = 0.7635078345026288
precision = 0.4823008849557522
recall = 0.5054095826893354
