best_f1 = 0.5343283582089553
best_precision = 0.5165945165945166
best_recall = 0.5533230293663061
f1 = 0.49434815373021856
loss = 0.7622950409139906
precision = 0.4823529411764706
recall = 0.5069551777434312
