best_f1 = 0.25945945945945953
best_precision = 0.24489795918367346
best_recall = 0.27586206896551724
f1 = 0.24999999999999994
loss = 0.569852841820438
precision = 0.23711340206185566
recall = 0.26436781609195403
