best_f1 = 0.24999999999999994
best_precision = 0.23711340206185566
best_recall = 0.26436781609195403
f1 = 0.24999999999999994
loss = 0.5723040236821711
precision = 0.23711340206185566
recall = 0.26436781609195403
