best_f1 = 0.7417822888537108
best_precision = 0.8285833159975037
best_recall = 0.6714430209035739
f1 = 0.6972547513918218
loss = 0.8146474388623245
precision = 0.8096299598751672
recall = 0.612272420768712
