best_f1 = 0.3098591549295775
best_precision = 0.2578125
best_recall = 0.38823529411764707
f1 = 0.2962962962962963
loss = 0.5173909070435911
precision = 0.2692307692307692
recall = 0.32941176470588235
