best_f1 = 0.5316455696202532
best_precision = 0.5129310344827587
best_recall = 0.5517774343122102
f1 = 0.5068912710566615
loss = 0.7870326289108821
precision = 0.5022761760242792
recall = 0.5115919629057187
