best_f1 = 0.29629629629629634
best_precision = 0.27450980392156865
best_recall = 0.3218390804597701
f1 = 0.29319371727748694
loss = 0.5186259944468754
precision = 0.2692307692307692
recall = 0.3218390804597701
