best_f1 = 0.28717948717948716
best_precision = 0.25925925925925924
best_recall = 0.3218390804597701
f1 = 0.2751322751322751
loss = 0.5216932807413216
precision = 0.2549019607843137
recall = 0.2988505747126437
