best_f1 = 0.53125
best_precision = 0.5121951219512195
best_recall = 0.5517774343122102
f1 = 0.5045592705167173
loss = 0.7795389345714024
precision = 0.4962630792227205
recall = 0.5131375579598145
