best_f1 = 0.2857142857142857
best_precision = 0.25225225225225223
best_recall = 0.32941176470588235
f1 = 0.25906735751295334
loss = 0.564142018192797
precision = 0.23148148148148148
recall = 0.29411764705882354
