best_f1 = 0.5398496240601504
best_precision = 0.5256222547584187
best_recall = 0.5548686244204019
f1 = 0.506787330316742
loss = 0.7531336656638554
precision = 0.4948453608247423
recall = 0.5193199381761978
