best_f1 = 0.2696629213483146
best_precision = 0.26373626373626374
best_recall = 0.27586206896551724
f1 = 0.25668449197860965
loss = 0.6014364203594875
precision = 0.24
recall = 0.27586206896551724
