best_f1 = 0.5188470066518847
best_precision = 0.4957627118644068
best_recall = 0.5441860465116279
f1 = 0.48967100229533284
loss = 0.8228781708649227
precision = 0.48338368580060426
recall = 0.49612403100775193
